0.8110119222923153 0.6940312960508519 1
0.05797770029112448 0.7811556101184733 -1
0.3641975049123487 0.7965497270437816 1
0.1559094463703391 0.711230952311887 -1
0.8193725684307266 0.7751164392292015 1
0.11807673081193182 0.17367235601893038 -1
0.7696574124316569 0.394547045136423 1
0.06756682761294841 0.6449851576770397 -1
0.6357715557377852 0.328692815630087 -1
0.7755931595694667 0.5523105343922461 1
0.1759046669442641 0.6539408745211766 -1
0.2689502741393702 0.26414596808981095 -1
0.06387751614362203 0.9740719981791918 1
0.8969309838876063 0.71493382220328 1
0.45008098356740167 0.9646097751086825 1
0.1026899283343804 0.6360998479339954 -1
0.7863684692628468 0.899268873913622 1
0.764749542976763 0.39767564278579703 1
0.36834749965871905 0.0016475587542641446 -1
0.8027584621972834 0.5803507807972341 1
0.14995021823011545 0.565903737613805 -1
0.49325650953676303 0.7242172272911158 1
0.6820032536265614 0.2172527700277609 -1
0.4322718016026956 0.3072758397321106 -1
0.04071367317396091 0.7713095442416485 -1
0.25902735950013 0.8183770644035547 1
0.8889245277026412 0.41841245453207787 1
0.696168839699126 0.8574812541096027 1
0.04051470832514925 0.6376761251994283 -1
0.8029094908981343 0.6802996133152032 1
0.7736789501713234 0.9171743022472032 1
0.7407589982771272 0.9953083460932272 1
0.6672705752214426 0.08335145627707874 -1
0.4725139115163106 0.017045701267802027 -1
0.6921197566537628 0.7552045433871989 1
0.5169513813333139 0.11601711583248098 -1
0.2084942040892379 0.055842030080385574 -1
0.8532553974413253 0.8135858428549464 1
0.37284118769323615 0.6294490553856988 1
0.08960095217152164 0.9863999202044322 1
0.28418166772456666 0.9549454403711194 1
0.19526141405710273 0.436469791693581 -1
0.564147069384426 0.370159274383455 -1
0.8391779776511712 0.1534579182936151 -1
0.5932715553938365 0.4201359593862847 1
0.19102191571382954 0.1103730205683443 -1
0.5315477729740636 0.3063149396924293 -1
0.12494612280452289 0.43617310785821595 -1
0.6944499807746108 0.02331172060933684 -1
0.3393977484909423 0.10125537167998622 -1
